camera_matrix:
- - 380.02279340430465
  - 0.0
  - 228.25923234112756
- - 0.0
  - 381.28789523483573
  - 256.17721701066534
- - 0.0
  - 0.0
  - 1.0
dist_coeff:
- - -0.050032662741965536
  - -0.03706101785598689
  - 0.00045668998294688527
  - -0.0031068765264643714
  - 0.35553806370255575
reprojection_error:
- 0.07683403430732491
- 0.07459303479126353
- 0.08056142972321213
- 0.08295935712695804
- 0.08479443001510283
- 0.09176704860368014
- 0.06727290886503126
- 0.06419781638772946
- 0.14915519530864996
- 0.09740175272515073
- 0.07706712600217966
- 0.08895938688550371
- 0.07888937368985927
- 0.10050507853393893
- 0.15571483470610778
- 0.09422412755679248
- 0.08861279431032097
- 0.10589908161321633
- 0.08887364279344015
rvecs:
- - - -0.07380604087331508
  - - 0.6687968636070827
  - - 3.0745138477400977
- - - 0.3033351539897712
  - - -0.5272197195095462
  - - -2.29650227830365
- - - -0.007551115633857511
  - - -0.6219553940312339
  - - -2.8799644572712864
- - - 0.2886077259179279
  - - 0.5920614272972892
  - - 2.90606198527932
- - - 0.6119480777894183
  - - 0.4100549249047428
  - - 2.480104500627903
- - - 0.7755199139345826
  - - -0.7952402128951879
  - - 2.9356323619821927
- - - -0.08375389105087809
  - - -0.7027286990102475
  - - 2.8371931270063224
- - - -0.22696598851003513
  - - -0.4990381702606651
  - - 2.4886915874360795
- - - -1.06569296776574
  - - -0.14724465146218255
  - - 2.87845066452455
- - - -0.18342498162491874
  - - 0.5679032998014726
  - - 2.494566757667406
- - - 0.5835203281831804
  - - 0.0653342966666833
  - - 2.7998728759903133
- - - 0.6579542165579448
  - - -0.42424534771664274
  - - 2.634631223903168
- - - 0.15446469576399802
  - - -0.5459283540873798
  - - 2.178192210518757
- - - -0.7593188380389468
  - - -0.6141791678830856
  - - 2.202905265199769
- - - 1.0753863188663095
  - - -0.02976903227923119
  - - -2.3070719936923707
- - - -0.4810046148672347
  - - 0.3500233913102973
  - - 2.2528369498919103
- - - -0.430238933018043
  - - 0.5964509882871653
  - - 2.080700885841261
- - - 0.2089052510719959
  - - 0.7256604627729538
  - - 1.4677977479086464
- - - -0.4443517119198021
  - - -0.31476383074818726
  - - 1.4783334680767195
tvecs:
- - - 1.7025670381461497
  - - 0.5559638981515234
  - - 9.261594998218802
- - - 0.21898139035305117
  - - 1.5125854558347138
  - - 9.217246533375087
- - - 0.3984921498249794
  - - 1.0555449741695708
  - - 9.85519927672291
- - - 1.3647612891474494
  - - 0.9402839291323286
  - - 9.705949666986475
- - - 2.5586420232047997
  - - -0.23576709185650743
  - - 9.62799061433271
- - - 1.542446923785488
  - - 0.4346758755413969
  - - 13.913618292233496
- - - 1.5978036364123809
  - - 0.3311194078768668
  - - 12.800747194509007
- - - 3.294863075437897
  - - -0.08916716886920345
  - - 12.309595789072743
- - - 0.8129279982550937
  - - 2.3212056982459814
  - - 11.446401594838953
- - - 3.3758141250677602
  - - 0.11997999072991476
  - - 9.805789320847751
- - - 2.1475575442929697
  - - 0.5755576436755407
  - - 11.19824786429238
- - - 3.7518815888966834
  - - 0.4210548270028808
  - - 11.043522401038917
- - - 3.5884352258502585
  - - 0.7033124607961438
  - - 12.626458986434978
- - - 1.4909250958568712
  - - 0.34830091443014766
  - - 12.010561398357815
- - - -0.6067523522602201
  - - 2.82845195954974
  - - 10.153102164089963
- - - 5.196103075671752
  - - -0.7832459394950618
  - - 16.580533174788112
- - - 2.4970827612229667
  - - -0.10371862478383768
  - - 14.497592162810513
- - - 4.562752620193962
  - - -2.61988844747129
  - - 13.52804189334943
- - - 2.3809923073538637
  - - -3.0764732748795645
  - - 14.702047264287248
