camera_matrix:
- - 719.5129522009918
  - 0.0
  - 230.6619791973466
- - 0.0
  - 718.0082874105714
  - 248.33239612048666
- - 0.0
  - 0.0
  - 1.0
dist_coeff:
- - -0.3369723620435565
  - -0.2729781311529486
  - 0.0017789759721893513
  - -0.00196063196958979
  - 1.9304081727181785
reprojection_error:
- 0.364131855867697
- 0.44523387236333906
- 0.4162370561561039
- 0.2602342566223697
- 0.24032262398895157
- 0.5622567996448699
- 0.5342474281006224
- 0.3640137440157652
- 0.48612600394730165
- 0.5559554908553153
- 0.36285218276122855
- 0.570948758898986
- 0.6006299475924112
- 0.4980820935529139
- 0.5899295034209484
- 0.6884761715518295
- 0.600982225000269
- 0.3169701173098357
- 0.5666340656853096
rvecs:
- - - -0.3475046793624394
  - - 0.3008522493916645
  - - -2.4444337629443558
- - - 0.7655919034724528
  - - -0.21225321920190868
  - - -2.503398757883164
- - - -1.0200122391261413
  - - -0.012277109776017042
  - - -2.9006918257838863
- - - -0.4542705650203812
  - - -0.029427001010026
  - - -3.0655054950212666
- - - 0.3982401003467023
  - - -0.11450118885951976
  - - -3.101838005123918
- - - 1.44161868200411
  - - -0.05408619349606542
  - - -2.798017522306687
- - - 0.8345629028953617
  - - 0.2891505822631615
  - - 1.5188423560571256
- - - 0.5537624965367355
  - - 0.06295600154407952
  - - 1.5037501727723919
- - - -0.7645152870973019
  - - -0.2800371735687926
  - - 0.9105858293315147
- - - -0.17447593088056335
  - - -0.8600126899470834
  - - 1.7029762762147453
- - - -0.48538864417330996
  - - 0.08863361321081997
  - - 1.6954399091630235
- - - 0.07678886053592822
  - - 0.6930799709260701
  - - 1.3870032949273474
- - - -0.6384245104234642
  - - -0.32466389932819584
  - - 1.3045497780900013
- - - -0.27568492513966586
  - - -0.35856388574600767
  - - 2.2440227390448526
- - - 0.797646527855547
  - - 0.28432366697938705
  - - 2.508769944804554
- - - -0.019186494453189498
  - - -0.26176949363674745
  - - -1.22220359023445
- - - -0.030085605223932704
  - - 0.44379227906394436
  - - -0.3243807259056972
- - - -0.05292230671476202
  - - 0.5478681340259307
  - - 0.2999491759562552
- - - 0.43724236225720436
  - - 0.31754884881554857
  - - 0.8411991404493367
tvecs:
- - - -0.05214681182330213
  - - 2.4027509407053826
  - - 10.6788790781372
- - - 0.3387533464517982
  - - 2.3090603892723327
  - - 10.129442071965322
- - - 0.6479564807910732
  - - 2.1920656547363695
  - - 8.29147329483854
- - - 1.5375461168331401
  - - 2.2990900942318473
  - - 9.523836973470631
- - - 1.251753156800519
  - - 1.804838761507178
  - - 10.21291155525194
- - - -0.23236477108388082
  - - 1.8489304825204913
  - - 11.536880469991484
- - - 2.825879689219571
  - - -2.1518100777715383
  - - 8.35689949537735
- - - 1.8449911279964337
  - - -2.449876432215527
  - - 9.437229418938069
- - - 0.7852223854219964
  - - -2.959076983015387
  - - 11.842780351548543
- - - 2.2674814186215513
  - - -1.9122437783560882
  - - 10.949085579894456
- - - 2.6019923554502675
  - - -1.3077452661286957
  - - 10.185677619729669
- - - 2.046280163342528
  - - -2.4875500468939546
  - - 8.126531993181692
- - - 0.8093013374085276
  - - -1.8968575589977932
  - - 13.01614004933951
- - - 3.275173326679218
  - - -0.4554181731911735
  - - 12.122680328978616
- - - 0.972256939626401
  - - 0.972246403767998
  - - 9.186288715936689
- - - -3.265604814343971
  - - 1.3218955112482529
  - - 11.328846245160882
- - - -1.5142529371967726
  - - -1.5286274803154993
  - - 11.189564111788405
- - - 0.024598362084875407
  - - -2.5032880586180726
  - - 11.394319515329132
- - - 0.5414471385950202
  - - -2.556385541777444
  - - 12.803294118525633
